0.48602675846341287  0.48602675846341287 4.0027909400102086E-03
0.48602675846341298  0.02794648307317421 4.0027909400102086E-03
0.02794648307317421  0.48602675846341298 4.0027909400102086E-03
0.43441069933617427  0.43441069933617427 7.9735384161952506E-03
0.43441069933617427  0.13117860132765147 7.9735384161952506E-03
0.13117860132765147  0.43441069933617427 7.9735384161952506E-03
0.38988913524396385  0.38988913524396385 6.5545706153977649E-03
0.38988913524396385  0.22022172951207228 6.5545706153977649E-03
0.22022172951207228  0.38988913524396385 6.5545706153977649E-03
0.29844323401980444  0.29844323401980444 9.7915004828178099E-03
0.29844323401980444  0.40311353196039101 9.7915004828178099E-03
0.40311353196039101  0.29844323401980444 9.7915004828178099E-03
0.23404417233737176  0.23404417233737176 8.2354427207686348E-03
0.23404417233737176  0.53191165532525642 8.2354427207686348E-03
0.53191165532525642  0.23404417233737176 8.2354427207686348E-03
0.15146833460901757  0.15146833460901757 4.2736395370460501E-03
0.15146833460901754  0.69706333078196481 4.2736395370460501E-03
0.69706333078196481  0.15146833460901754 4.2736395370460501E-03
0.11273389354599364  0.11273389354599364 4.0809429286132459E-03
0.11273389354599356  0.77453221290801255 4.0809429286132459E-03
0.77453221290801255  0.11273389354599356 4.0809429286132459E-03
0.07771569209152629  0.07771569209152629 3.0605732699918895E-03
0.07771569209152612  0.84456861581694742 3.0605732699918895E-03
0.84456861581694742  0.07771569209152612 3.0605732699918895E-03
0.03489309361429700  0.03489309361429700 1.4542491324683324E-03
0.03489309361429688  0.93021381277140591 1.4542491324683324E-03
0.93021381277140591  0.03489309361429688 1.4542491324683324E-03
0.00725818462093238  0.00725818462093238 3.4613762283099814E-04
0.00725818462093231  0.98548363075813517 3.4613762283099814E-04
0.98548363075813517  0.00725818462093231 3.4613762283099814E-04
0.22721445215336405  0.77149319514219372 6.2414459963869848E-04
0.77149319514219372  0.22721445215336405 6.2414459963869848E-04
0.77149319514219372  0.00129235270444228 6.2414459963869848E-04
0.00129235270444228  0.77149319514219372 6.2414459963869848E-04
0.00129235270444236  0.22721445215336383 6.2414459963869848E-04
0.22721445215336383  0.00129235270444236 6.2414459963869848E-04
0.43501055485357165  0.55958974387431204 1.7023764544015110E-03
0.55958974387431204  0.43501055485357165 1.7023764544015110E-03
0.55958974387431215  0.00539970127211620 1.7023764544015110E-03
0.00539970127211620  0.55958974387431215 1.7023764544015110E-03
0.00539970127211623  0.43501055485357154 1.7023764544015110E-03
0.43501055485357154  0.00539970127211623 1.7023764544015110E-03
0.32030959927220448  0.67330639769382050 1.6798271630320254E-03
0.67330639769382050  0.32030959927220448 1.6798271630320254E-03
0.67330639769382050  0.00638400303397502 1.6798271630320254E-03
0.00638400303397502  0.67330639769382050 1.6798271630320254E-03
0.00638400303397510  0.32030959927220426 1.6798271630320254E-03
0.32030959927220426  0.00638400303397510 1.6798271630320254E-03
0.09175032228000524  0.90322146621800170 8.5807826974837703E-04
0.90322146621800170  0.09175032228000524 8.5807826974837703E-04
0.90322146621800159  0.00502821150199323 8.5807826974837703E-04
0.00502821150199323  0.90322146621800159 8.5807826974837703E-04
0.00502821150199334  0.09175032228000492 8.5807826974837703E-04
0.09175032228000492  0.00502821150199334 8.5807826974837703E-04
0.03801083585872433  0.95516240551949372 7.4042815835780301E-04
0.95516240551949372  0.03801083585872433 7.4042815835780301E-04
0.95516240551949361  0.00682675862178200 7.4042815835780301E-04
0.00682675862178200  0.95516240551949361 7.4042815835780301E-04
0.00682675862178214  0.03801083585872411 7.4042815835780301E-04
0.03801083585872411  0.00682675862178214 7.4042815835780301E-04
0.15742521848531166  0.83255858187475873 1.7556563053643425E-03
0.83255858187475873  0.15742521848531166 1.7556563053643425E-03
0.83255858187475873  0.01001619963992967 1.7556563053643425E-03
0.01001619963992967  0.83255858187475873 1.7556563053643425E-03
0.01001619963992977  0.15742521848531144 1.7556563053643425E-03
0.15742521848531144  0.01001619963992977 1.7556563053643425E-03
0.23988965977853322  0.73435252704807685 3.6967750748532419E-03
0.73435252704807685  0.23988965977853322 3.6967750748532419E-03
0.73435252704807674  0.02575781317339010 3.6967750748532419E-03
0.02575781317339010  0.73435252704807674 3.6967750748532419E-03
0.02575781317339015  0.23988965977853299 3.6967750748532419E-03
0.23988965977853299  0.02575781317339015 3.6967750748532419E-03
0.36194311812606056  0.60782898375402372 3.9915437386882791E-03
0.60782898375402372  0.36194311812606056 3.9915437386882791E-03
0.60782898375402372  0.03022789811991589 3.9915437386882791E-03
0.03022789811991589  0.60782898375402372 3.9915437386882791E-03
0.03022789811991589  0.36194311812606034 3.9915437386882791E-03
0.36194311812606034  0.03022789811991589 3.9915437386882791E-03
0.08355196095482853  0.88594304893800935 2.1779813065790207E-03
0.88594304893800935  0.08355196095482853 2.1779813065790207E-03
0.88594304893800935  0.03050499010716229 2.1779813065790207E-03
0.03050499010716229  0.88594304893800935 2.1779813065790207E-03
0.03050499010716232  0.08355196095482825 2.1779813065790207E-03
0.08355196095482825  0.03050499010716232 2.1779813065790207E-03
0.14844322073241817  0.80560023190501240 3.6825283507089159E-03
0.80560023190501240  0.14844322073241817 3.6825283507089159E-03
0.80560023190501240  0.04595654736256938 3.6825283507089159E-03
0.04595654736256938  0.80560023190501240 3.6825283507089159E-03
0.04595654736256959  0.14844322073241795 3.6825283507089159E-03
0.14844322073241795  0.04595654736256959 3.6825283507089159E-03
0.28373970872753496  0.64881749073218742 5.4817864232097752E-03
0.64881749073218742  0.28373970872753496 5.4817864232097752E-03
0.64881749073218753  0.06744280054027757 5.4817864232097752E-03
0.06744280054027757  0.64881749073218753 5.4817864232097752E-03
0.06744280054027768  0.28373970872753479 5.4817864232097752E-03
0.28373970872753479  0.06744280054027768 5.4817864232097752E-03
0.40689937511878754  0.52305553346530176 5.8749808717705604E-03
0.52305553346530176  0.40689937511878754 5.8749808717705604E-03
0.52305553346530187  0.07004509141591067 5.8749808717705604E-03
0.07004509141591067  0.52305553346530187 5.8749808717705604E-03
0.07004509141591064  0.40689937511878743 5.8749808717705604E-03
0.40689937511878743  0.07004509141591064 5.8749808717705604E-03
0.19411398702489252  0.72197448833499078 5.0078003568992851E-03
0.72197448833499078  0.19411398702489252 5.0078003568992851E-03
0.72197448833499078  0.08391152464011670 5.0078003568992851E-03
0.08391152464011670  0.72197448833499078 5.0078003568992851E-03
0.08391152464011675  0.19411398702489235 5.0078003568992851E-03
0.19411398702489235  0.08391152464011675 5.0078003568992851E-03
0.32413434700070309  0.55549011732214415 6.6548203938143402E-03
0.55549011732214415  0.32413434700070309 6.6548203938143402E-03
0.55549011732214415  0.12037553567715273 6.6548203938143402E-03
0.12037553567715273  0.55549011732214415 6.6548203938143402E-03
0.12037553567715273  0.32413434700070298 6.6548203938143402E-03
0.32413434700070298  0.12037553567715273 6.6548203938143402E-03
0.22927748355598096  0.62265561728665231 7.0772232526130699E-03
0.62265561728665231  0.22927748355598096 7.0772232526130699E-03
0.62265561728665231  0.14806689915736670 7.0772232526130699E-03
0.14806689915736670  0.62265561728665231 7.0772232526130699E-03
0.14806689915736676  0.22927748355598082 7.0772232526130699E-03
0.22927748355598082  0.14806689915736676 7.0772232526130699E-03
0.32561812259598377  0.48261001153669114 7.4406897805840049E-03
0.48261001153669114  0.32561812259598377 7.4406897805840049E-03
0.48261001153669114  0.19177186586732506 7.4406897805840049E-03
0.19177186586732506  0.48261001153669114 7.4406897805840049E-03
0.19177186586732511  0.32561812259598366 7.4406897805840049E-03
0.32561812259598366  0.19177186586732511 7.4406897805840049E-03
